[app/ui]
version = 7.0.0
modtime = 1507532491.915915000

[app/launcher]
version = 7.0.0
modtime = 1507532491.923937800
